Epoch: 617822 Error: 0.000107987165393
Epoch: 617823 Error: 9.96653761831e-05
---0---
Sample: 122
Query: [-0.13097299 -0.02145292 -0.53552561 -0.5974124   0.79849057 -0.28733154
  0.01433932]
True: [ 0.95346918  0.81264592  0.79694656  0.2457607  -0.1323231   0.44686888]
Prediction: [[ 0.94946057  0.81615788  0.79884738  0.26290464 -0.12579562  0.43099928]]
---1---
Sample: 156
Query: [-0.04474167  0.66902701  0.13250674  0.27568733 -0.41261456 -0.04625337
  0.85607076]
True: [ 0.52776154  0.95384818 -0.84281281 -0.21676903 -0.8680009  -0.44942809]
Prediction: [[ 0.53948301  0.92885709 -0.84216678 -0.20100288 -0.85977858 -0.44897437]]
---2---
Sample: 396
Query: [ 0.01285077 -0.47558353  0.6097035  -0.06123989 -0.62846361  0.82954178
 -0.10345752]
True: [-0.48158788 -0.37579587  0.36585312 -0.7466404   0.18195933  0.00339955]
Prediction: [[-0.49813697 -0.3771989   0.37130046 -0.74656612  0.1959527  -0.00577563]]
---3---
Sample: 767
Query: [-0.29881983  0.57461317 -0.05746631  0.83018868 -0.11299191  0.35622642
 -0.82002144]
True: [-0.4004638  -0.77642069 -0.94438677  0.65267532  0.64123024 -0.06012237]
Prediction: [[-0.40167892 -0.7706219  -0.94121617  0.64771938  0.65135276 -0.04435328]]
---4---
Sample: 966
Query: [ 0.54786258  0.16401783  0.1303504   0.79407008  0.0309434   0.4315903
 -0.7913428 ]
True: [-0.94356038 -0.59090969 -0.95396662  0.71115522 -0.2391948  -0.58273627]
Prediction: [[-0.9461596  -0.59219134 -0.95343727  0.72099006 -0.24556962 -0.57648081]]
---5---
Sample: 210
Query: [ 0.01295568  0.00886441  0.8909973  -0.44334232  0.4916442  -0.41725067
  0.61498258]
True: [-0.80557866 -0.55258518  0.0270288   0.97700763  0.89381416 -0.4100468 ]
Prediction: [[-0.80514753 -0.54488009  0.02320007  0.964302    0.90029001 -0.40213916]]
---6---
Sample: 539
Query: [-0.24710202 -0.40309468  0.33908356  0.56614555  0.61185984 -0.59374663
 -0.44036451]
True: [-0.70156997 -0.46014799  0.66388285 -0.24602808  0.34835834 -0.07498108]
Prediction: [[-0.70928019 -0.45979068  0.66294456 -0.23943561  0.35418215 -0.08173382]]
---7---
Sample: 677
Query: [-0.21814844  0.60472069  0.58447439 -0.04        0.89832884  0.34221024
 -0.56580005]
True: [-0.44360415 -0.65202519 -0.47336962  0.03728045 -0.70763303 -0.47192624]
Prediction: [[-0.43748596 -0.65045375 -0.47340906  0.02810627 -0.69417048 -0.46457699]]
---8---
Sample: 456
Query: [-0.22244951 -0.12037766  0.88312668 -0.19126685 -0.40539084  0.91687332
 -0.05199678]
True: [ 0.13225214 -0.60096829 -0.00359007  0.23288825 -0.39956267  0.6434316 ]
Prediction: [[ 0.13315931 -0.59019685 -0.02299002  0.21624559 -0.38774145  0.64354748]]
---9---
Sample: 315
Query: [-0.09729871  0.82176764  0.10188679  0.07407008  0.873531   -0.12668464
 -0.93889038]
True: [ 0.54838802  0.26063291  0.19025301  0.36562347  0.81727906  0.65798473]
Prediction: [[ 0.55896676  0.26931629  0.19030866  0.37532315  0.82572222  0.65740681]]

